10.620718
-144.831940 -42.952431 -1.536903
-144.753033 -43.444848 -1.160734
-144.554248 -43.902136 -0.911903
-144.249013 -44.296326 -0.658016
-143.855409 -44.600554 -0.408085
-143.399317 -44.797749 -0.242765
-142.913383 -44.918090 -0.196260
-142.422129 -45.015761 -0.206847
-141.932775 -45.118451 -0.207798
-141.443531 -45.221604 -0.207798
-140.954288 -45.324756 -0.207798
-140.465044 -45.427909 -0.207798
-139.975800 -45.531062 -0.215002
-139.487043 -45.637795 -0.204475
-138.996224 -45.739578 -0.095976
-138.499948 -45.787355 0.125172
-138.007666 -45.725411 0.385310
-137.545707 -45.538048 0.635437
-137.144466 -45.242143 0.885437
-136.828906 -44.856168 1.163230
-136.621373 -44.375478 1.367308
-136.526179 -43.914144 1.510437
-136.522537 -43.793499 1.570796
EOP
10.546683
-135.685928 48.459293 1.570785
-135.623747 48.954100 1.194280
-135.440385 49.417864 0.945208
-135.148443 49.822003 0.693542
-134.765948 50.139974 0.440184
-134.316853 50.351500 0.201806
-133.829276 50.451254 0.052075
-133.329082 50.477326 0.023272
-132.828193 50.488985 0.026978
-132.328107 50.502479 0.030038
-131.828376 50.517494 0.030940
-131.328675 50.532960 0.032355
-130.828957 50.549134 0.035503
-130.328921 50.566895 0.037630
-129.828112 50.585749 -0.002991
-129.327595 50.584252 -0.174336
-128.837908 50.498007 -0.414325
-128.383829 50.298310 -0.673979
-127.994348 49.987212 -0.938749
-127.694758 49.578078 -1.196454
-127.504234 49.093121 -1.400185
-127.425691 48.637236 -1.547810
-127.425163 48.590557 -1.571152
EOP
11.050834
-135.685928 48.459293 1.570785
-135.748098 48.954102 1.947353
-135.931451 49.417788 2.196126
-136.223382 49.822132 2.447550
-136.605869 50.140421 2.700550
-137.054953 50.352413 2.945738
-137.542550 50.449151 3.122004
-138.042858 50.458953 -3.116986
-138.543904 50.446621 -3.118361
-139.044146 50.434998 -3.121567
-139.544029 50.424986 -3.123833
-140.043913 50.416108 -3.122556
-140.543813 50.406590 -3.123647
-141.043673 50.397619 -3.126752
-141.543825 50.390196 -3.130768
-142.044704 50.384774 -3.109399
-142.545518 50.368645 -2.978025
-143.036935 50.287541 -2.748951
-143.494985 50.097841 -2.488894
-143.890747 49.795293 -2.223646
-144.198619 49.392692 -1.965669
-144.399017 48.911849 -1.761750
-144.486873 48.457367 4.668960
-144.488434 48.406559 4.694376
EOP
10.375441
-128.261612 -43.711132 -1.570781
-128.199429 -44.205939 -1.151537
-128.015959 -44.617600 -0.861353
-127.729823 -44.950873 -0.635180
-127.363984 -45.220526 -0.474071
-126.939400 -45.438379 -0.373460
-126.477740 -45.619279 -0.297752
-125.992180 -45.768285 -0.235249
-125.486724 -45.889436 -0.192556
-124.964480 -45.991259 -0.142691
-124.428283 -46.068294 -0.092618
-123.887488 -46.118525 -0.010289
-123.353289 -46.124021 0.086166
-122.833592 -46.079130 0.182033
-122.333585 -45.987093 0.291799
-121.854323 -45.843136 0.404655
-121.401163 -45.649052 0.523963
-120.987882 -45.410243 0.660561
-120.634267 -45.135483 0.849205
-120.364390 -44.828764 1.122637
-120.199416 -44.485631 1.369380
-120.159172 -44.112907 1.557101
EOP
10.544937
-128.261612 -43.711132 -1.570781
-128.323780 -44.205941 -1.946751
-128.506857 -44.669744 -2.195819
-128.798632 -45.074135 -2.446334
-129.181301 -45.393363 -2.700121
-129.630855 -45.605812 -2.943652
-130.118992 -45.703717 -3.103833
-130.619160 -45.722612 -3.128598
-131.119763 -45.729117 -3.124587
-131.619754 -45.737621 -3.121964
-132.119637 -45.747434 -3.122280
-132.619544 -45.757089 -3.122544
-133.119431 -45.766613 -3.119676
-133.619393 -45.777572 -3.116199
-134.119927 -45.790285 3.137517
-134.620331 -45.788246 2.967628
-135.110537 -45.702096 2.722305
-135.564756 -45.499643 2.470488
-135.954642 -45.190052 2.210940
-136.254752 -44.787094 1.948196
-136.445386 -44.306182 1.733214
-136.522032 -43.838432 -4.689921
-136.522537 -43.793499 -4.712389
EOP
10.792881
-119.266129 48.366241 1.559841
-119.198537 48.860338 1.144719
-119.014180 49.266517 0.856087
-118.727830 49.596508 0.627013
-118.357749 49.864649 0.455608
-117.927399 50.075517 0.342531
-117.459953 50.242202 0.251042
-116.973284 50.367010 0.189728
-116.472027 50.463270 0.143305
-115.955503 50.537802 0.131088
-115.421796 50.608168 0.105428
-114.878260 50.665686 0.055681
-114.336060 50.695907 -0.049278
-113.808572 50.669892 -0.162985
-113.300952 50.586417 -0.277457
-112.813840 50.447686 -0.385431
-112.345118 50.257515 -0.490859
-111.901955 50.020647 -0.589535
-111.500292 49.751982 -0.701415
-111.163623 49.467595 -0.869950
-110.914918 49.172828 -1.130987
-110.773257 48.871771 -1.430433
-110.753624 48.579811 -1.576874
EOP
10.468426
-119.266129 48.366241 1.559841
-119.322880 48.861700 1.988992
-119.504253 49.269821 2.278930
-119.789117 49.602494 2.491457
-120.151145 49.877787 2.654325
-120.569856 50.099655 2.763313
-121.028782 50.282041 2.874353
-121.516181 50.415485 2.939395
-122.024063 50.519601 3.000981
-122.547548 50.593698 3.058591
-123.081513 50.638120 3.099137
-123.619195 50.660961 3.139920
-124.153101 50.661855 -3.077551
-124.676331 50.628300 -2.990641
-125.183750 50.551117 -2.896975
-125.670573 50.429598 -2.788038
-126.128675 50.260530 -2.660054
-126.546422 50.042229 -2.493716
-126.907219 49.769156 -2.279351
-127.190643 49.438447 -2.008844
-127.370392 49.054693 4.477820
-127.425163 48.590557 4.712033
EOP
26.417111
-111.465782 -43.526402 -1.580796
-111.470782 -44.026377 -1.311337
-111.353230 -44.469228 -1.062897
-111.134345 -44.862478 -0.863689
-110.833972 -45.213993 -0.709268
-110.468697 -45.527493 -0.590808
-110.050653 -45.807886 -0.506910
-109.592861 -46.062102 -0.440280
-109.106489 -46.291244 -0.390655
-108.605293 -46.497647 -0.346073
-108.098363 -46.680438 -0.316106
-107.594090 -46.845371 -0.297298
-107.097626 -46.997477 -0.290669
-106.612990 -47.142452 -0.298998
-106.139712 -47.288334 -0.324597
-105.675186 -47.444647 -0.364899
-105.215432 -47.620276 -0.403904
-104.757589 -47.815959 -0.437257
-104.304221 -48.027878 -0.461181
-103.856203 -48.250507 -0.479070
-103.414812 -48.479779 -0.475535
-102.975045 -48.706236 -0.458731
-102.534695 -48.923712 -0.422689
-102.091298 -49.123153 -0.383580
-101.647616 -49.302209 -0.326839
-101.203702 -49.452695 -0.231628
-100.756846 -49.558091 -0.131944
-100.310302 -49.617354 -0.031544
-99.863515 -49.631452 0.072673
-99.412971 -49.598651 0.160661
-98.958815 -49.525052 0.246724
-98.502502 -49.410127 0.329358
-98.046905 -49.254400 0.402336
-97.592827 -49.061168 0.454279
-97.139728 -48.839900 0.484967
-96.684698 -48.600126 0.505625
-96.228850 -48.347756 0.499269
-95.771719 -48.098457 0.434724
-95.305433 -47.881937 0.401744
-94.840649 -47.684473 0.380662
-94.377270 -47.499038 0.368334
-93.907334 -47.317667 0.366710
-93.427278 -47.133286 0.369327
-92.937602 -46.943737 0.377876
-92.439188 -46.745891 0.395654
-91.938626 -46.536816 0.434481
-91.446786 -46.308575 0.493748
-90.979495 -46.057074 0.568179
-90.551426 -45.783793 0.666394
-90.174175 -45.487122 0.793439
-89.857789 -45.165607 0.965893
-89.615217 -44.814745 1.192774
-89.463245 -44.432061 1.362241
-89.419907 -44.017967 1.570796
EOP
11.026865
-111.465782 -43.526402 -1.580796
-111.532902 -44.020563 -1.956740
-111.720607 -44.482526 -2.205789
-112.016419 -44.884015 -2.457979
-112.402341 -45.198408 -2.710938
-112.854008 -45.405910 -2.930685
-113.342123 -45.510411 -3.007509
-113.838501 -45.577369 -3.011901
-114.334580 -45.642070 -3.007820
-114.830092 -45.708754 -3.007208
-115.325579 -45.775744 -3.007352
-115.821081 -45.842663 -3.007547
-116.316589 -45.909484 -3.006542
-116.812024 -45.976803 -3.002263
-117.307527 -46.046291 -3.009876
-117.804047 -46.112072 -3.104071
-118.302498 -46.130783 2.951068
-118.790494 -46.036667 2.697325
-119.240076 -45.822664 2.447208
-119.622847 -45.503917 2.188007
-119.913711 -45.094080 1.925314
-120.093416 -44.608597 1.710537
-120.159359 -44.139771 -4.712652
-120.159172 -44.112907 -4.726084
EOP
10.970980
-89.017395 48.143093 1.544980
-88.942468 48.636131 1.135610
-88.751455 49.046989 0.829234
-88.458860 49.366430 0.606316
-88.088958 49.622939 0.459663
-87.658604 49.835976 0.373772
-87.191849 50.019042 0.309786
-86.703268 50.175432 0.232961
-86.200757 50.294663 0.189019
-85.687031 50.392940 0.150559
-85.158911 50.473059 0.128109
-84.623423 50.542038 0.076481
-84.085943 50.583225 0.054038
-83.560575 50.611643 -0.004661
-83.046495 50.609247 -0.101623
-82.546147 50.558224 -0.197740
-82.061994 50.461220 -0.346316
-81.598436 50.293941 -0.460670
-81.176691 50.084636 -0.631685
-80.811617 49.817512 -0.839257
-80.530952 49.504860 -1.125551
-80.351045 49.127859 -1.325605
-80.291321 48.661777 -1.561095
EOP
33.745313
-89.017395 48.143093 1.544980
-89.004488 48.642926 1.874483
-89.137585 49.067638 2.138076
-89.372152 49.435797 2.354979
-89.699405 49.763846 2.490702
-90.091904 50.062778 2.573009
-90.534138 50.345353 2.609021
-90.992681 50.615608 2.625453
-91.460730 50.881201 2.610513
-91.916496 51.148903 2.574203
-92.350177 51.425285 2.503927
-92.746603 51.719005 2.422726
-93.107599 52.034900 2.327029
-93.432779 52.379624 2.219570
-93.721587 52.760501 2.105142
-93.970355 53.180882 2.026918
-94.191374 53.631362 1.980862
-94.394154 54.097836 1.976628
-94.594672 54.564499 1.963813
-94.788936 55.033071 1.971254
-94.986496 55.499748 1.984124
-95.189462 55.962514 2.036377
-95.414501 56.410425 2.108956
-95.667674 56.834550 2.187018
-95.952511 57.236737 2.273969
-96.269000 57.610075 2.358686
-96.617563 57.956907 2.466579
-97.002207 58.264793 2.563996
-97.419120 58.536512 2.661398
-97.861334 58.766843 2.749527
-98.323336 58.957868 2.843080
-98.800680 59.104750 2.937706
-99.293052 59.206552 3.028832
-99.789908 59.262817 3.118178
-100.290833 59.274548 -3.075232
-100.787498 59.241541 -2.986188
-101.282791 59.163944 -2.891623
-101.764232 59.041028 -2.800194
-102.230824 58.875242 -2.704981
-102.678578 58.666299 -2.620159
-103.115968 58.415033 -2.537084
-103.535827 58.125003 -2.455444
-103.931228 57.801217 -2.361957
-104.285400 57.451104 -2.257321
-104.594600 57.073804 -2.128299
-104.850506 56.663354 -1.996973
-105.051945 56.219657 -1.874517
-105.200959 55.744210 -1.794997
-105.313427 55.251005 -1.753296
-105.406229 54.748155 -1.740790
-105.493360 54.240547 -1.745203
-105.582494 53.734671 -1.780520
-105.688031 53.238853 -1.846276
-105.819912 52.772295 -1.973966
-105.995214 52.361303 -2.144385
-106.217845 52.016695 -2.354667
-106.497267 51.736419 -2.511074
-106.831222 51.492661 -2.605987
-107.222202 51.260626 -2.654162
-107.664536 51.026148 -2.665886
-108.143804 50.779246 -2.654936
-108.642892 50.515177 -2.626416
-109.139272 50.234140 -2.589624
-109.611944 49.943060 -2.532767
-110.031818 49.650336 -2.433698
-110.370369 49.360578 -2.280924
-110.608678 49.083395 -2.031173
-110.737111 48.824414 -1.699531
-110.753624 48.579811 -1.576874
EOP
10.505021
-80.935097 -43.690468 -1.570800
-80.872924 -44.185276 -1.195337
-80.690061 -44.649208 -0.945800
-80.398309 -45.053589 -0.695511
-80.015561 -45.373047 -0.441569
-79.565638 -45.585726 -0.215998
-79.078055 -45.692711 -0.144764
-78.582795 -45.764912 -0.144478
-78.087951 -45.836908 -0.146306
-77.593293 -45.909800 -0.146306
-77.098635 -45.982692 -0.146306
-76.603977 -46.055585 -0.146306
-76.109318 -46.128477 -0.149317
-75.614768 -46.202876 -0.144530
-75.119492 -46.274960 -0.039664
-74.621246 -46.294733 0.198888
-74.133352 -46.196397 0.452818
-73.684976 -45.978246 0.702851
-73.304512 -45.655927 0.952851
-73.015618 -45.249500 1.216804
-72.838232 -44.769507 1.444746
-72.777348 -44.289055 1.577851
-72.777390 -44.284035 1.580361
EOP
10.779931
-80.935097 -43.690468 -1.570800
-80.997274 -44.185276 -1.986698
-81.174347 -44.586195 -2.272621
-81.456837 -44.920341 -2.497672
-81.827503 -45.198583 -2.661113
-82.261051 -45.424558 -2.793800
-82.727650 -45.593713 -2.882682
-83.211811 -45.721946 -2.942967
-83.705765 -45.821369 -2.975106
-84.218316 -45.907499 -3.005447
-84.749819 -45.980312 -3.020805
-85.297768 -46.046821 -3.069496
-85.842098 -46.086133 -3.137867
-86.370756 -46.088103 2.999512
-86.872949 -46.016267 2.851123
-87.356224 -45.871804 2.736335
-87.821804 -45.672068 2.658913
-88.267735 -45.438391 2.561521
-88.672996 -45.172835 2.433877
-89.012501 -44.882366 2.264132
-89.260328 -44.584124 2.024507
-89.400349 -44.296985 -4.572424
-89.419907 -44.017967 -4.712389
EOP
10.346649
-71.894073 48.145222 1.557457
-71.825303 48.639157 1.138297
-71.634700 49.052031 0.839426
-71.345025 49.374829 0.627213
-70.978724 49.640344 0.469275
-70.556100 49.854637 0.383352
-70.094043 50.040987 0.319400
-69.605467 50.202571 0.254600
-69.095948 50.335172 0.211302
-68.569853 50.448021 0.166848
-68.031890 50.538621 0.097721
-67.492014 50.591547 0.007550
-66.958232 50.595577 -0.111666
-66.440539 50.537527 -0.211870
-65.944669 50.430866 -0.333680
-65.473485 50.267534 -0.454325
-65.033372 50.052583 -0.573629
-64.635887 49.795768 -0.695452
-64.297649 49.513493 -0.878419
-64.042485 49.205822 -1.149258
-63.892814 48.872047 -1.417671
-63.869820 48.526596 -1.590995
EOP
10.756178
-71.894073 48.145222 1.557457
-71.949642 48.640815 1.983353
-72.127150 49.046385 2.264490
-72.398390 49.372565 2.477971
-72.765188 49.659374 2.667394
-73.188698 49.876745 2.742197
-73.652175 50.072369 2.825577
-74.129599 50.228474 2.884955
-74.624073 50.358237 2.921379
-75.137011 50.473055 2.966356
-75.671326 50.567657 2.983544
-76.223130 50.655602 3.037840
-76.769395 50.712482 3.120981
-77.300124 50.723423 -2.983577
-77.800965 50.643617 -2.838010
-78.278243 50.494102 -2.693424
-78.737088 50.273490 -2.602548
-79.170011 50.014545 -2.542958
-79.567626 49.743318 -2.435966
-79.897833 49.461998 -2.295184
-80.141831 49.186250 -2.037893
-80.277416 48.917402 4.594001
-80.291321 48.661777 4.722090
EOP
10.398880
-64.640068 -43.924423 -1.570800
-64.577895 -44.419231 -1.148363
-64.393681 -44.829055 -0.863849
-64.109481 -45.161751 -0.636513
-63.747309 -45.429446 -0.475345
-63.327606 -45.645470 -0.376552
-62.866985 -45.827609 -0.308758
-62.378166 -45.983522 -0.256529
-61.867999 -46.117343 -0.201332
-61.341774 -46.224744 -0.140865
-60.804677 -46.300907 -0.077472
-60.264666 -46.342826 0.002378
-59.730185 -46.341555 0.094103
-59.208725 -46.292339 0.194150
-58.706410 -46.193571 0.297360
-58.227235 -46.046729 0.404609
-57.778721 -45.854659 0.520904
-57.373082 -45.621919 0.671081
-57.028133 -45.348024 0.877263
-56.764402 -45.030770 1.152677
-56.604714 -44.671371 1.385637
-56.570732 -44.274605 1.585077
EOP
10.415449
-64.640068 -43.924423 -1.570800
-64.702245 -44.419231 -1.995401
-64.886718 -44.827260 -2.274574
-65.170705 -45.161848 -2.507919
-65.536936 -45.430938 -2.670430
-65.959490 -45.646200 -2.768423
-66.419975 -45.826486 -2.848823
-66.907995 -45.973591 -2.899298
-67.414000 -46.098650 -2.964025
-67.937517 -46.192599 -3.007881
-68.474360 -46.264813 -3.067601
-69.013717 -46.304794 -3.134497
-69.549294 -46.308594 3.064310
-70.071152 -46.268183 2.968680
-70.573572 -46.180432 2.873577
-71.057459 -46.047545 2.764543
-71.512197 -45.867471 2.646414
-71.927884 -45.642976 2.489798
-72.285292 -45.370259 2.286679
-72.558755 -45.055864 2.016048
-72.730452 -44.696072 -4.495100
-72.777390 -44.284035 -4.702824
EOP
16.949514
-56.207512 47.871494 1.577124
-56.210676 48.371484 1.364570
-56.118969 48.809850 1.144375
-55.944844 49.193136 0.939358
-55.699954 49.527997 0.765148
-55.396501 49.819402 0.624181
-55.042514 50.074357 0.516730
-54.644086 50.300755 0.438311
-54.206090 50.506052 0.384657
-53.736680 50.696080 0.341819
-53.242766 50.871807 0.302652
-52.732582 51.031109 0.267901
-52.210864 51.174321 0.231586
-51.681528 51.299147 0.197543
-51.148649 51.405805 0.164490
-50.614764 51.494424 0.126510
-50.080680 51.562354 0.092502
-49.548909 51.611685 0.058513
-49.018765 51.642740 0.020866
-48.494160 51.653689 -0.016660
-47.974121 51.645024 -0.064935
-47.460174 51.611604 -0.118223
-46.953106 51.551376 -0.174263
-46.454241 51.463551 -0.240376
-45.967215 51.344174 -0.309642
-45.494406 51.192907 -0.383566
-45.040968 51.009921 -0.468647
-44.614133 50.793829 -0.556334
-44.218997 50.548112 -0.660008
-43.863551 50.272244 -0.777114
-43.552221 49.966030 -0.916108
-43.292963 49.628291 -1.078516
-43.093818 49.256975 -1.256204
-42.961468 48.850241 -1.327523
-42.902920 48.405510 -1.552280
EOP
9.946228
-56.207512 47.871494 1.577124
-56.272817 48.365899 2.022971
-56.465365 48.762301 2.296129
-56.759924 49.094556 2.481126
-57.130556 49.382482 2.618211
-57.553518 49.626557 2.714937
-58.009236 49.833717 2.800632
-58.490331 50.004418 2.856673
-58.992986 50.151640 2.916452
-59.515704 50.271354 2.978439
-60.050283 50.359355 3.043167
-60.584467 50.412103 3.101908
-61.105656 50.432797 -3.094876
-61.608616 50.409283 -2.972236
-62.089730 50.327015 -2.816530
-62.545366 50.173458 -2.647893
-62.965108 49.947574 -2.487232
-63.331930 49.666182 -2.300329
-63.622555 49.341126 -2.039193
-63.811318 48.968040 4.469076
-63.869820 48.526596 4.692190
EOP
10.738360
-43.588009 -43.612152 -1.557195
-43.519110 -44.106069 -1.161195
-43.322136 -44.559761 -0.902867
-43.021445 -44.940918 -0.649150
-42.640222 -45.230215 -0.451284
-42.201577 -45.442799 -0.309164
-41.724668 -45.595127 -0.182337
-41.224582 -45.687335 -0.103830
-40.717768 -45.740148 -0.075341
-40.214284 -45.778152 -0.103725
-39.717530 -45.829864 -0.132422
-39.223294 -45.895697 -0.169619
-38.728255 -45.980480 -0.165911
-38.226965 -46.064420 -0.100077
-37.720602 -46.115266 -0.009951
-37.214841 -46.120299 0.111813
-36.725155 -46.065316 0.330983
-36.268184 -45.908290 0.633898
-35.863576 -45.610862 0.912642
-35.532548 -45.182709 1.075333
-35.291848 -44.737319 1.202823
-35.155110 -44.382648 1.451616
-35.140923 -44.144852 1.570796
EOP
15.285402
-43.588009 -43.612152 -1.557195
-43.643449 -44.107760 -1.973308
-43.817755 -44.517165 -2.245601
-44.090584 -44.858155 -2.461700
-44.441760 -45.142075 -2.642743
-44.853361 -45.366319 -2.784473
-45.311060 -45.537095 -2.892796
-45.802314 -45.661904 -2.959838
-46.317127 -45.756517 -3.005753
-46.843939 -45.828523 -3.054283
-47.371868 -45.874733 -3.101661
-47.892478 -45.895533 -3.140025
-48.403246 -45.896334 3.119109
-48.905725 -45.885034 3.131812
-49.405635 -45.880145 -3.106510
-49.906156 -45.897712 -3.036854
-50.408433 -45.950512 -2.979876
-50.911209 -46.032536 -2.963231
-51.414806 -46.123323 -2.991924
-51.920983 -46.199653 -3.043919
-52.434230 -46.249943 -3.111442
-52.954861 -46.265645 3.092942
-53.479817 -46.240086 3.000568
-54.000760 -46.166129 2.904961
-54.507086 -46.044029 2.800709
-54.987096 -45.873754 2.691117
-55.429821 -45.659634 2.570680
-55.822586 -45.407378 2.441790
-56.151522 -45.130429 2.286298
-56.399530 -44.845081 2.044541
-56.546343 -44.558720 -4.555407
-56.570732 -44.274605 -4.698108
EOP
10.552533
-34.286297 47.969398 1.556609
-34.217108 48.463274 1.180181
-34.027180 48.924516 0.930544
-33.729516 49.324101 0.678748
-33.342547 49.636226 0.424830
-32.890495 49.840725 0.197882
-32.401832 49.938705 0.084218
-31.902379 49.980868 0.067862
-31.402714 50.014828 0.071778
-30.903833 50.050699 0.074662
-30.405291 50.087990 0.075240
-29.906779 50.125569 0.077755
-29.408212 50.164414 0.081214
-28.909249 50.205026 0.074540
-28.409293 50.242362 -0.005683
-27.910012 50.239524 -0.215735
-27.425184 50.133277 -0.463947
-26.981278 49.911158 -0.723406
-26.607325 49.580915 -0.987444
-26.327900 49.157525 -1.244951
-26.161113 48.663912 -1.448259
-26.104599 48.205020 -1.596203
-26.106623 48.152527 -1.622470
EOP
10.987132
-34.286297 47.969398 1.556609
-34.341446 48.465038 1.973229
-34.516382 48.876010 2.270335
-34.794148 49.206094 2.514943
-35.155049 49.467385 2.657101
-35.575723 49.688800 2.747180
-36.035211 49.880049 2.815067
-36.517541 50.043389 2.887215
-37.016789 50.173199 2.956397
-37.532676 50.269846 2.997097
-38.063924 50.347148 3.040865
-38.605799 50.401915 3.081521
-39.147620 50.434502 3.123123
-39.678515 50.444308 -3.099746
-40.193956 50.422726 -3.022675
-40.692228 50.363192 -2.916947
-41.173181 50.253293 -2.790480
-41.630750 50.085691 -2.662793
-42.049210 49.868474 -2.498106
-42.407485 49.599776 -2.278716
-42.681814 49.279268 -1.983653
-42.852829 48.888851 4.487339
-42.902920 48.405510 4.730905
EOP
10.409733
-26.791931 -43.982357 -1.566523
-26.727642 -44.476895 -1.141262
-26.541501 -44.883264 -0.865744
-26.255240 -45.219662 -0.632937
-25.887584 -45.489383 -0.494544
-25.464836 -45.717345 -0.392414
-25.004138 -45.908019 -0.322019
-24.518912 -46.069905 -0.273786
-24.015411 -46.211308 -0.219942
-23.494781 -46.327699 -0.174790
-22.961939 -46.421795 -0.117902
-22.424855 -46.485413 -0.057006
-21.892824 -46.515775 0.029209
-21.374089 -46.500619 0.126974
-20.872816 -46.436626 0.236313
-20.391086 -46.320620 0.364607
-19.935712 -46.146816 0.497524
-19.518623 -45.920299 0.650211
-19.160714 -45.648096 0.846534
-18.883244 -45.334441 1.113611
-18.709991 -44.982264 1.348492
-18.661079 -44.576183 1.553358
EOP
10.643467
-26.791931 -43.982357 -1.566523
-26.851991 -44.477426 -1.942763
-27.033214 -44.941949 -2.191523
-27.323180 -45.347492 -2.441523
-27.704465 -45.668690 -2.697864
-28.153239 -45.882011 -2.939133
-28.640458 -45.982023 -3.084296
-29.140662 -46.010715 -3.118357
-29.641206 -46.022347 -3.106463
-30.140899 -46.039909 -3.106209
-30.640586 -46.057597 -3.106209
-31.140273 -46.075285 -3.106209
-31.639960 -46.092973 -3.106018
-32.139645 -46.110757 -3.094225
-32.639730 -46.134463 -3.126445
-33.140736 -46.142053 3.014132
-33.634162 -46.078817 2.774203
-34.097831 -45.900368 2.517529
-34.502405 -45.609050 2.267529
-34.822328 -45.226696 1.989529
-35.035155 -44.748491 1.786020
-35.135780 -44.288196 -4.640656
-35.140923 -44.144852 -4.712389
EOP
10.247006
-17.929741 47.844704 1.579045
-17.871649 48.340008 1.164190
-17.699962 48.738722 0.889979
-17.428937 49.073315 0.659679
-17.078060 49.345452 0.506839
-16.662093 49.576403 0.402360
-16.196941 49.774362 0.319736
-15.696147 49.940173 0.251677
-15.175261 50.074108 0.177235
-14.639444 50.170081 0.081599
-14.100661 50.214142 -0.002585
-13.561811 50.212749 -0.084829
-13.028252 50.167379 -0.177567
-12.502465 50.073023 -0.289233
-11.995594 49.922190 -0.385496
-11.512829 49.726284 -0.484527
-11.069200 49.492767 -0.588066
-10.679027 49.232616 -0.713167
-10.357363 48.954361 -0.875004
-10.118363 48.668174 -1.103687
-9.981514 48.396829 -1.433047
<!-- -9.962772 48.150692 -1.556550 -->
EOP
10.348800
-17.929741 47.844704 1.579045
-17.995996 48.338982 2.002881
-18.182358 48.743111 2.281620
-18.464927 49.071312 2.499119
-18.822791 49.339137 2.665518
-19.239665 49.554090 2.784660
-19.702602 49.726722 2.859253
-20.200114 49.871045 2.914908
-20.720144 49.990989 2.974121
-21.251435 50.080806 3.035573
-21.786524 50.137750 3.117521
-22.322121 50.150645 -3.088672
-22.856256 50.122352 -3.017445
-23.385775 50.056274 -2.934124
-23.903507 49.947293 -2.841940
-24.397984 49.794522 -2.744040
-24.855956 49.602214 -2.627556
-25.266030 49.370658 -2.490364
-25.615101 49.104615 -2.319082
-25.886119 48.812696 -2.071057
-26.058401 48.497531 4.486315
-26.106623 48.152527 4.660715
EOP
27.542882
-10.289072 -43.838036 -1.534522
-10.270939 -44.337707 -1.343564
-10.162536 -44.806527 -1.172032
-9.978502 -45.243312 -1.018291
-9.730673 -45.645268 -0.875248
-9.425308 -46.011103 -0.734148
-9.066230 -46.335140 -0.601163
-8.659564 -46.614050 -0.471771
-8.210221 -46.843303 -0.356105
-7.730582 -47.021711 -0.269774
-7.227657 -47.160777 -0.200264
-6.717260 -47.264380 -0.171894
-6.202385 -47.353766 -0.157407
-5.696491 -47.434062 -0.172673
-5.197386 -47.521110 -0.203985
-4.708817 -47.622177 -0.240474
-4.232801 -47.738905 -0.293279
-3.763492 -47.880630 -0.330823
-3.307069 -48.037387 -0.388307
-2.857546 -48.221276 -0.456537
-2.422779 -48.434809 -0.496727
-1.998042 -48.665042 -0.517271
-1.582378 -48.901532 -0.528187
-1.174019 -49.139803 -0.521721
-0.769531 -49.372323 -0.498188
-0.367879 -49.590802 -0.435225
0.035612 -49.778409 -0.352625
0.437744 -49.926396 -0.255503
0.845309 -50.032857 -0.162078
1.257725 -50.100292 -0.078804
1.681264 -50.133738 0.030271
2.110257 -50.120748 0.173238
2.543893 -50.044865 0.326953
2.977429 -49.897842 0.447535
3.411693 -49.689387 0.513900
3.848934 -49.442569 0.530019
4.293888 -49.181852 0.525703
4.744732 -48.920291 0.512199
5.203367 -48.662423 0.487206
5.660989 -48.419973 0.465674
6.119184 -48.189713 0.452189
6.572840 -47.969347 0.465330
7.024687 -47.742472 0.499327
7.477211 -47.495652 0.541310
7.928202 -47.224511 0.575494
8.386899 -46.926933 0.612250
8.847470 -46.603486 0.641984
9.315622 -46.253480 0.670777
9.780084 -45.884921 0.699070
10.228297 -45.508108 0.726374
10.646804 -45.136302 0.758146
11.019941 -44.782968 0.796308
11.339827 -44.456025 0.830883
11.598489 -44.172694 0.871629
11.785004 -43.950880 0.957716
11.886740 -43.806270 1.554194
11.886992 -43.763390 1.575635
EOP
10.819978
-10.289072 -43.838036 -1.534522
-10.333261 -44.334773 -1.941507
-10.494988 -44.750865 -2.234086
-10.762631 -45.093386 -2.470602
-11.123126 -45.379571 -2.636602
-11.545491 -45.613055 -2.738291
-12.003886 -45.808647 -2.789775
-12.478359 -45.982822 -2.834111
-12.965796 -46.137609 -2.878102
-13.472854 -46.274394 -2.919804
-14.003805 -46.394123 -2.966964
-14.551291 -46.490713 -3.018061
-15.095324 -46.558263 -3.096903
-15.622931 -46.581857 3.058622
-16.122515 -46.540311 2.924731
-16.601163 -46.434852 2.796486
-17.065518 -46.267920 2.675973
-17.507584 -46.045796 2.571929
-17.913250 -45.785969 2.441439
-18.252179 -45.500404 2.264296
-18.500736 -45.201383 2.000624
-18.641097 -44.895195 -4.569838
-18.661079 -44.576183 -4.729827
EOP
10.677829
<!-- 12.954412 48.589943 1.541043 -->
13.031280 49.082682 1.134466
13.211918 49.470065 0.850054
13.483004 49.778685 0.629360
13.834280 50.034461 0.492602
14.250408 50.257811 0.414876
14.719452 50.464397 0.345194
15.225193 50.646257 0.257872
15.754343 50.785818 0.169948
16.295782 50.878731 0.080307
16.843713 50.922828 -0.014724
17.389014 50.914798 -0.097820
17.931244 50.861588 -0.176642
18.466093 50.766116 -0.271177
18.988359 50.620912 -0.354117
19.489726 50.435557 -0.428695
19.962831 50.219328 -0.517820
20.392164 49.974749 -0.606419
20.765380 49.715886 -0.702950
21.068762 49.458817 -0.848353
21.288298 49.209740 -1.073006
21.409172 48.987316 -1.472509
<!-- 21.418737 48.809803 -1.561423 -->
EOP
35.216452
<!-- 12.954412 48.589943 1.541043 -->
12.969286 49.089722 1.865970
12.841681 49.509400 2.123811
12.614627 49.877241 2.326636
12.305897 50.204784 2.471646
11.923920 50.507374 2.560286
11.492774 50.790653 2.601798
11.030223 51.067791 2.601682
10.564214 51.347075 2.590616
10.106970 51.628027 2.554250
9.672896 51.916996 2.492507
9.271881 52.221272 2.411588
8.911000 52.544233 2.318130
8.590155 52.890484 2.232335
8.302549 53.259885 2.139054
8.046466 53.660947 2.060365
7.816484 54.092567 2.000359
7.606993 54.549879 1.968920
7.407661 55.023823 1.964960
7.209050 55.501333 1.976926
7.005673 55.974261 2.010745
6.790301 56.431801 2.057179
6.557262 56.872536 2.105815
6.304644 57.298765 2.171963
6.026709 57.704007 2.248137
5.720804 58.084358 2.358808
5.375957 58.427407 2.457565
4.997648 58.735858 2.554339
4.586791 59.009319 2.646710
4.152631 59.243625 2.737717
3.695985 59.438781 2.846279
3.217830 59.584240 2.931726
2.724327 59.689358 3.028690
2.222578 59.746248 3.108746
1.721854 59.762701 -3.079548
1.228470 59.732050 -2.987278
0.741181 59.656252 -2.888054
0.262609 59.532246 -2.800127
-0.210782 59.364010 -2.716228
-0.672545 59.154820 -2.645542
-1.122192 58.911478 -2.561707
-1.546011 58.633874 -2.459600
-1.934633 58.318327 -2.336991
-2.271713 57.968047 -2.206452
-2.557601 57.580567 -2.079415
-2.792303 57.159611 -1.969066
-2.982858 56.706724 -1.867309
-3.130798 56.222499 -1.814840
-3.253973 55.727834 -1.794942
-3.366375 55.234789 -1.815417
-3.486541 54.753396 -1.835050
-3.613741 54.283295 -1.851627
-3.749423 53.812919 -1.892257
-3.903155 53.351278 -1.964493
-4.083696 52.916640 -2.073407
-4.297683 52.527358 -2.214807
-4.548677 52.193055 -2.377423
-4.845193 51.908868 -2.524214
-5.195208 51.660372 -2.631461
-5.595615 51.436332 -2.682122
-6.040075 51.216418 -2.686280
-6.523260 50.979839 -2.673878
-7.032765 50.722490 -2.647710
-7.553650 50.442053 -2.606466
-8.060842 50.141378 -2.565923
-8.538184 49.831584 -2.505333
-8.971030 49.511821 -2.442612
-9.343301 49.198909 -2.359970
-9.640050 48.904392 -2.199815
-9.845276 48.622338 -1.973653
-9.954149 48.366866 -1.664776
<!-- -9.962772 48.150692 -1.556550 -->
EOP
10.728738
20.613041 -43.425190 -1.570796
20.675216 -43.919998 -1.175050
20.865987 -44.376619 -0.916617
21.161463 -44.761946 -0.662802
21.538648 -45.056377 -0.461413
21.974556 -45.273116 -0.319747
22.449485 -45.430369 -0.190564
22.948693 -45.526669 -0.111076
23.455212 -45.583163 -0.078725
23.958875 -45.622896 -0.107912
24.455486 -45.676695 -0.135324
24.949556 -45.743966 -0.174685
25.444032 -45.831233 -0.170743
25.944903 -45.917594 -0.106106
26.450949 -45.971491 -0.017517
26.956972 -45.980356 0.104188
27.447126 -45.929102 0.323797
27.905637 -45.775222 0.627485
28.312918 -45.479833 0.905562
28.648081 -45.052616 1.066057
28.892992 -44.609316 1.187841
29.033204 -44.261261 1.442017
29.049557 -44.033234 1.556386
EOP
11.010985
20.613041 -43.425190 -1.570796
20.550866 -43.919998 -1.946263
20.368000 -44.383929 -2.195796
20.076247 -44.788308 -2.445796
19.693519 -45.107935 -2.699172
19.243637 -45.321062 -2.941812
18.755122 -45.419977 -3.068051
18.256012 -45.456749 -3.076010
17.756923 -45.489528 -3.072192
17.258127 -45.524201 -3.072192
16.759331 -45.558873 -3.072192
16.260534 -45.593546 -3.072192
15.761738 -45.628219 -3.072192
15.262942 -45.662891 -3.071168
14.764159 -45.698076 -3.068648
14.265046 -45.734548 -3.115678
13.765524 -45.747496 2.959657
13.275990 -45.657437 2.706880
12.823933 -45.447530 2.456128
12.437924 -45.131874 2.206128
12.142008 -44.730531 1.942171
11.956322 -44.253735 1.714261
11.887075 -43.774375 -4.702058
11.886992 -43.763390 -4.707550
EOP
10.367765
29.589367 48.409027 1.581357
29.646313 48.904464 1.158681
29.826559 49.316786 0.873413
30.107453 49.652052 0.643797
30.467544 49.922287 0.471898
30.885894 50.135794 0.364916
31.345445 50.311354 0.291041
31.833764 50.457629 0.230270
32.343361 50.577092 0.178772
32.869393 50.672147 0.121061
33.405927 50.737419 0.059062
33.946314 50.769373 -0.023379
34.481826 50.756851 -0.120694
35.004886 50.693412 -0.217383
35.510817 50.581666 -0.321614
35.993692 50.420781 -0.415439
36.446604 50.220995 -0.515499
36.857382 49.988248 -0.655076
37.207608 49.719189 -0.842063
37.477158 49.417219 -1.114378
37.643464 49.078506 -1.367263
37.684361 48.713543 -1.551146
EOP
10.474852
29.589367 48.409027 1.581357
29.521970 48.903151 2.008348
29.332346 49.308509 2.293141
29.041479 49.638581 2.517393
28.672641 49.904243 2.655093
28.247946 50.128865 2.758647
27.786204 50.314869 2.836265
27.299559 50.468251 2.903345
26.793079 50.591255 2.963677
26.271530 50.685039 3.007848
25.738394 50.756771 3.055054
25.201169 50.803378 3.102439
24.669020 50.824225 -3.121606
24.148494 50.813820 -3.031204
23.645127 50.758027 -2.934253
23.162074 50.656410 -2.804237
22.705633 50.496308 -2.657986
22.288148 50.277043 -2.489829
21.927512 50.001881 -2.273687
21.647432 49.671303 -1.996275
21.470432 49.280712 4.484336
21.418737 48.809803 4.721762
EOP
10.441111
37.113228 -43.736656 -1.554922
37.183250 -44.230415 -1.130147
37.374420 -44.635803 -0.849946
37.664450 -44.965917 -0.624915
38.033144 -45.231876 -0.484343
38.456803 -45.454782 -0.385772
38.919052 -45.642511 -0.318898
39.407199 -45.803681 -0.265676
39.913772 -45.941523 -0.208962
40.436743 -46.052423 -0.162184
40.969623 -46.139613 -0.107228
41.506398 -46.197392 -0.046819
42.038756 -46.222335 0.027904
42.558351 -46.207833 0.121791
43.061839 -46.146207 0.229130
43.544044 -46.033744 0.351106
43.998698 -45.867213 0.487962
44.413769 -45.646904 0.651292
44.769835 -45.375495 0.859143
45.046345 -45.054869 1.137416
45.219482 -44.680697 1.350242
45.267929 -44.243153 1.570798
EOP
10.418480
37.113228 -43.736656 -1.554922
37.058915 -44.232389 -2.008326
36.873170 -44.629478 -2.272452
36.585346 -44.970048 -2.454154
36.221273 -45.268967 -2.603590
35.802263 -45.518998 -2.765844
35.344012 -45.699774 -2.890561
34.857464 -45.824545 -2.977858
34.351631 -45.908115 -3.017329
33.832659 -45.972939 -3.051998
33.305308 -46.020313 -3.073737
32.775061 -46.056349 -3.094651
32.247986 -46.081109 -3.137590
31.730004 -46.083182 3.038579
31.226795 -46.031161 2.891507
30.745389 -45.908194 2.726108
30.294831 -45.709423 2.573050
29.886290 -45.448400 2.428390
29.534091 -45.143708 2.262577
29.259028 -44.811640 2.013583
29.087188 -44.449253 -4.517559
29.049557 -44.033234 -4.726799
EOP
17.086305
45.686989 48.262554 1.537566
45.703601 48.762278 1.537566
45.720213 49.262002 1.546159
45.732540 49.762228 1.528451
45.753751 50.262850 1.403206
45.836840 50.753985 1.170357
46.030455 51.211365 0.912566
46.335436 51.605769 0.662566
46.728513 51.912457 0.412528
47.185242 52.112340 0.153754
47.675867 52.188375 -0.073889
48.172888 52.151584 -0.188611
48.665126 52.057626 -0.201453
49.155307 51.957519 -0.194070
49.645921 51.861093 -0.194070
50.136535 51.764666 -0.194070
50.627149 51.668239 -0.194070
51.117762 51.571812 -0.194070
51.608376 51.475385 -0.194070
52.098990 51.378958 -0.194070
52.589604 51.282531 -0.194070
53.080217 51.186104 -0.194070
53.570831 51.089677 -0.194070
54.061445 50.993251 -0.194070
54.552059 50.896824 -0.194070
55.042673 50.800397 -0.194070
55.533286 50.703970 -0.193506
56.023960 50.607818 -0.183391
56.516271 50.516507 -0.221287
57.004743 50.406615 -0.381367
57.466266 50.221545 -0.628685
57.868580 49.929021 -0.882907
58.185123 49.543835 -1.160090
58.394142 49.063852 -1.365523
58.490188 48.602552 -1.507907
58.493752 48.516327 -1.551060
EOP
10.415434
45.686989 48.262554 1.537566
45.641288 48.759154 1.962914
45.470179 49.172928 2.249009
45.196278 49.512878 2.469642
44.841741 49.794889 2.628648
44.428435 50.027676 2.735075
43.973628 50.223469 2.814279
43.490038 50.387660 2.880469
42.983560 50.523004 2.937245
42.460320 50.631440 2.988268
41.924650 50.714221 3.053419
41.385558 50.761879 3.121186
40.851515 50.772778 -3.070064
40.329969 50.735409 -2.976073
39.827651 50.651498 -2.871726
39.348246 50.518887 -2.747455
38.899343 50.332189 -2.618347
38.492825 50.097677 -2.459363
38.145916 49.815864 -2.258943
37.880681 49.493281 -1.985697
37.719240 49.126761 4.524322
37.684361 48.713543 4.732039
EOP
10.978589
57.708969 -43.489880 -1.577421
57.767865 -43.985089 -1.164597
57.944554 -44.395878 -0.865408
58.222268 -44.722009 -0.625965
58.580673 -44.981120 -0.479367
58.998960 -45.198548 -0.414087
59.455805 -45.399331 -0.378110
59.936163 -45.590140 -0.320532
60.434948 -45.755727 -0.257444
60.949369 -45.891167 -0.189355
61.482310 -45.993305 -0.155660
62.023306 -46.078203 -0.102473
62.567819 -46.134197 -0.062404
63.098793 -46.167375 0.025596
63.615981 -46.154134 0.113112
64.114180 -46.097541 0.215933
64.595374 -45.991989 0.329982
65.053564 -45.835057 0.444822
65.472857 -45.635186 0.608434
65.833656 -45.383857 0.831731
66.110377 -45.080228 1.121463
66.290756 -44.706178 1.324041
66.351280 -44.232582 1.563335
EOP
15.848393
57.708969 -43.489880 -1.577421
57.705657 -43.989869 -1.740879
57.626071 -44.453275 -1.902605
57.477638 -44.884078 -2.055748
57.267994 -45.281947 -2.202635
57.002253 -45.645013 -2.343864
56.688490 -45.966610 -2.487438
56.331052 -46.240688 -2.634192
55.937481 -46.459493 -2.779698
55.511161 -46.620885 -2.924301
55.056078 -46.721357 -3.047462
54.575723 -46.766707 3.133327
54.074636 -46.762565 3.066101
53.559327 -46.723589 3.036880
53.035701 -46.668558 3.037963
52.512358 -46.614129 3.066627
51.989567 -46.574864 3.101962
51.469601 -46.554247 3.131621
50.950690 -46.549072 -3.141438
50.431825 -46.549152 3.120676
49.918658 -46.538417 3.078994
49.405441 -46.506248 3.020085
48.890177 -46.443329 2.964974
48.369568 -46.350412 2.914011
47.844805 -46.228880 2.857325
47.332543 -46.079207 2.798852
46.844768 -45.905158 2.721464
46.395565 -45.704487 2.605512
46.008774 -45.474689 2.460385
45.685049 -45.212257 2.253745
45.443908 -44.915852 1.991049
45.298197 -44.589787 -4.538191
45.267929 -44.243153 -4.712387
EOP
10.609365
67.029762 47.939285 1.628136
67.063478 48.436843 1.252000
67.219760 48.910347 1.003136
67.487815 49.330710 0.753136
67.851535 49.671688 0.497889
68.288343 49.909121 0.253649
68.769774 50.033923 0.101998
69.268028 50.084921 0.067093
69.767579 50.118488 0.078057
70.266059 50.157477 0.078422
70.764523 50.196648 0.078422
71.262986 50.235819 0.078422
71.761449 50.274989 0.079391
72.259888 50.314644 0.089594
72.758732 50.359457 0.043313
73.258833 50.381132 -0.123649
73.751961 50.319844 -0.373909
74.215113 50.138119 -0.627600
74.618664 49.845364 -0.877600
74.937241 49.461871 -1.155283
75.148615 48.982782 -1.359654
75.247327 48.522239 -1.502600
75.251793 48.412979 -1.557283
EOP
10.806163
67.029762 47.939285 1.628136
66.939332 48.429717 2.031123
66.738604 48.834529 2.315225
66.439561 49.159138 2.550849
66.053569 49.417997 2.705645
65.613057 49.623204 2.791601
65.138382 49.796470 2.831576
64.653210 49.951893 2.865510
64.157506 50.092335 2.906956
63.646246 50.214546 2.953964
63.119108 50.314629 2.979630
62.577257 50.403164 3.002001
62.041989 50.478373 3.057329
61.519425 50.522510 -3.100317
61.020274 50.501896 -2.927271
60.539378 50.397222 -2.773277
60.074314 50.217741 -2.649655
59.635537 49.982610 -2.551357
59.233880 49.713540 -2.424763
58.900189 49.422737 -2.265916
58.651196 49.124178 -2.004493
58.511117 48.821698 4.579044
58.493752 48.516327 4.732125
EOP
10.714907
74.344810 -43.641850 -1.587602
74.398661 -44.137633 -1.179187
74.563645 -44.537169 -0.904356
74.822084 -44.865773 -0.684393
75.162236 -45.143321 -0.532580
75.570221 -45.383783 -0.430707
76.028432 -45.594321 -0.364424
76.525052 -45.783762 -0.309648
77.049925 -45.951690 -0.232942
77.587006 -46.079112 -0.138846
78.127152 -46.154594 -0.054036
78.670034 -46.183958 0.030831
79.209462 -46.167322 0.117758
79.740292 -46.104522 0.202581
80.262509 -45.997259 0.305099
80.767051 -45.838363 0.411827
81.239232 -45.632112 0.487692
81.670092 -45.403572 0.575455
82.048026 -45.158409 0.715138
82.354499 -44.892237 0.873812
82.576974 -44.626482 1.096462
82.703781 -44.379503 1.463339
82.715317 -44.165009 1.570792
EOP
10.309202
74.344810 -43.641850 -1.587602
74.274328 -44.135543 -2.021682
74.080150 -44.536615 -2.281950
73.793107 -44.869791 -2.489030
73.436045 -45.142678 -2.633476
73.023470 -45.372437 -2.741454
72.563886 -45.566820 -2.804638
72.066496 -45.741063 -2.838537
71.544988 -45.904132 -2.881616
71.014495 -46.045241 -2.937767
70.483933 -46.154906 -3.027752
69.954843 -46.215400 -3.137340
69.428421 -46.217638 3.039567
68.907853 -46.164342 2.922267
68.401993 -46.051580 2.811843
67.924843 -45.888277 2.699433
67.488055 -45.681492 2.570411
67.100228 -45.432260 2.432602
66.773429 -45.151940 2.264241
66.523225 -44.850903 2.022246
66.372835 -44.540723 -4.565249
66.351280 -44.232582 -4.719850
EOP
10.455559
83.392426 47.840179 1.589835
83.445170 48.336081 1.135690
83.627399 48.728126 0.875242
83.909544 49.066139 0.678558
84.274242 49.360187 0.535862
84.689281 49.606645 0.420888
85.146773 49.811436 0.330494
85.623713 49.975063 0.238333
86.127307 50.097412 0.194350
86.643396 50.198996 0.162900
87.175259 50.286411 0.119047
87.711030 50.350496 0.068711
88.240259 50.386917 0.015551
88.760384 50.395007 -0.067417
89.259360 50.361316 -0.196804
89.742217 50.265042 -0.363173
90.193095 50.093695 -0.513651
90.613310 49.856626 -0.667201
90.971895 49.574165 -0.844105
91.256920 49.253543 -1.118482
91.437750 48.881398 -1.343016
91.489410 48.429768 -1.570796
EOP
10.462155
83.392426 47.840179 1.589835
83.320842 48.333714 2.026871
83.126296 48.730285 2.304366
82.831295 49.057568 2.517301
82.457082 49.327154 2.629323
82.031321 49.566578 2.735332
81.570148 49.764971 2.807684
81.087159 49.932518 2.884165
80.585458 50.064601 2.938645
80.066814 50.171327 2.972314
79.536769 50.261920 3.010283
79.002400 50.332494 3.055386
78.473234 50.378225 3.118902
77.957023 50.389940 -3.072711
77.457922 50.355507 -2.951021
76.979709 50.263254 -2.794519
76.528113 50.099904 -2.627228
76.112883 49.865256 -2.464146
75.754596 49.577034 -2.276561
75.474209 49.248015 -2.007078
75.298758 48.871709 4.494825
75.251793 48.412979 4.725902
EOP
27.301696
91.307541 -43.615879 -1.570793
91.307543 -44.115879 -1.353130
91.402812 -44.546629 -1.111974
91.583261 -44.911924 -0.881496
91.838717 -45.221882 -0.687167
92.160348 -45.485807 -0.554752
92.538217 -45.719959 -0.471866
92.960502 -45.935458 -0.424477
93.415035 -46.140885 -0.397348
93.889823 -46.340139 -0.379419
94.374797 -46.533517 -0.367154
94.864201 -46.721739 -0.357485
95.353112 -46.904363 -0.348975
95.840622 -47.081752 -0.336073
96.325029 -47.250968 -0.323510
96.804179 -47.411621 -0.314112
97.277172 -47.565281 -0.327277
97.741424 -47.722887 -0.365765
98.196505 -47.897184 -0.432328
98.639301 -48.101508 -0.515941
99.065000 -48.342958 -0.566448
99.474661 -48.603489 -0.583733
99.871685 -48.865731 -0.575784
100.262459 -49.119405 -0.548232
100.651574 -49.357029 -0.498294
101.044016 -49.570552 -0.423946
101.441576 -49.749976 -0.320971
101.845913 -49.884405 -0.198123
102.256331 -49.966799 -0.065798
102.674431 -49.994348 0.064487
103.099112 -49.966924 0.177775
103.532341 -49.889085 0.271380
103.973234 -49.766409 0.338948
104.421439 -49.608393 0.388478
104.875650 -49.422495 0.423205
105.333677 -49.216189 0.450760
105.794069 -48.993362 0.474257
106.254886 -48.756809 0.492836
106.716326 -48.509000 0.502790
107.179622 -48.254218 0.499635
107.648666 -47.998201 0.475145
108.127156 -47.752039 0.464976
108.615754 -47.506928 0.462358
109.113627 -47.258793 0.466407
109.618674 -47.004525 0.475117
110.127261 -46.742898 0.484987
110.632377 -46.476719 0.502802
111.127308 -46.204534 0.524430
111.601362 -45.930313 0.562021
112.043413 -45.651923 0.613860
112.439634 -45.372715 0.693555
112.778454 -45.091043 0.809259
113.049755 -44.806476 0.968432
113.247715 -44.518581 1.185881
113.366526 -44.225310 1.379571
113.401352 -43.925919 1.530419
EOP
10.908140
91.307541 -43.615879 -1.570793
91.245367 -44.110687 -1.985154
91.066225 -44.517994 -2.279513
90.786194 -44.844637 -2.514886
90.423960 -45.106925 -2.673465
90.001026 -45.320766 -2.754750
89.540852 -45.508226 -2.808303
89.057513 -45.675560 -2.858598
88.558684 -45.820619 -2.914379
88.040942 -45.940324 -2.962158
87.507231 -46.037132 -2.998924
86.961793 -46.115481 -3.054997
86.418092 -46.162681 3.140979
85.885009 -46.162354 3.052117
85.372249 -46.116351 2.955400
84.877214 -46.023099 2.860203
84.401647 -45.885633 2.744469
83.948808 -45.695709 2.628998
83.535968 -45.463375 2.500757
83.186155 -45.202469 2.279861
82.931091 -44.905158 2.050694
82.756816 -44.570323 -4.508323
82.715317 -44.165009 -4.712393
EOP
11.188702
114.044037 48.026909 1.539056
114.121884 48.519495 1.127062
114.312283 48.920039 0.851504
114.603263 49.252279 0.598310
114.972103 49.503701 0.432346
115.399725 49.701033 0.337275
115.871047 49.866314 0.230164
116.361715 49.981285 0.183791
116.866875 50.075189 0.152117
117.385807 50.154742 0.135837
117.915098 50.227085 0.139849
118.453912 50.302932 0.113231
118.998809 50.364897 0.017245
119.533494 50.374118 -0.106502
120.052976 50.318582 -0.238561
120.558323 50.195686 -0.375211
121.042374 50.005032 -0.459340
121.507602 49.774918 -0.528073
121.946104 49.519126 -0.619417
122.336385 49.240844 -0.703079
122.660498 48.966137 -0.803433
122.901845 48.715924 -1.037763
123.034953 48.490316 -1.453853
123.048103 48.302143 -1.548204
EOP
34.741613
114.044037 48.026909 1.539056
114.059904 48.526657 1.715547
113.990596 49.002123 1.921482
113.829767 49.441781 2.117722
113.584846 49.844027 2.279348
113.270666 50.210625 2.392632
112.905672 50.549945 2.475370
112.503145 50.866381 2.538524
112.070991 51.163984 2.568005
111.629258 51.449362 2.576098
111.189465 51.728468 2.548122
110.770580 52.011046 2.496792
110.376918 52.307092 2.432640
110.014683 52.617785 2.353750
109.684350 52.949736 2.274001
109.385824 53.301862 2.190444
109.113763 53.683233 2.114831
108.866884 54.091346 2.055170
108.638557 54.525277 2.010675
108.426212 54.976469 1.985387
108.221275 55.442128 1.982055
108.017126 55.910222 1.998062
107.805779 56.374398 2.045448
107.576625 56.820370 2.115502
107.319774 57.244325 2.205865
107.029625 57.638065 2.313237
106.700910 57.996307 2.432798
106.331741 58.312846 2.549297
105.922137 58.588463 2.646032
105.481058 58.826889 2.725186
105.020846 59.030427 2.805979
104.549371 59.194882 2.901003
104.066488 59.313353 2.998789
103.571753 59.384488 3.096011
103.066459 59.407535 -3.104050
102.564735 59.388690 -3.013698
102.071535 59.325267 -2.922013
101.595697 59.219070 -2.824960
101.127100 59.065531 -2.734162
100.665926 58.866498 -2.654663
100.211518 58.625911 -2.577596
99.776873 58.350984 -2.493657
99.375702 58.047317 -2.389555
99.017950 57.712672 -2.259632
98.712089 57.341203 -2.119643
98.460098 56.929129 -1.989771
98.260362 56.480629 -1.889954
98.102750 56.003674 -1.825472
97.974255 55.510086 -1.796838
97.859272 55.010101 -1.802311
97.743532 54.519137 -1.835795
97.613904 54.041477 -1.884195
97.463400 53.577074 -1.925925
97.295073 53.123178 -1.987243
97.104951 52.693347 -2.093341
96.886682 52.314371 -2.273296
96.623815 52.003863 -2.463783
96.310146 51.751346 -2.613382
95.940333 51.535554 -2.683302
95.518367 51.327389 -2.724400
95.047632 51.118755 -2.723319
94.544386 50.895060 -2.700750
94.021596 50.648402 -2.665323
93.499685 50.379159 -2.616695
92.998835 50.089125 -2.563384
92.543428 49.791921 -2.485947
92.155599 49.493622 -2.379963
91.847754 49.200073 -2.248122
91.627748 48.926518 -2.021533
91.503986 48.670794 -1.691603
91.489410 48.429768 -1.570796
EOP
10.551670
122.465210 -43.781616 -1.570792
122.527387 -44.276424 -1.194341
122.710755 -44.740284 -0.944856
123.002715 -45.144148 -0.693066
123.385212 -45.461813 -0.439246
123.834310 -45.672827 -0.209048
124.321665 -45.776218 -0.086459
124.820955 -45.819494 -0.067421
125.320688 -45.853237 -0.071413
125.819606 -45.888927 -0.074510
126.318159 -45.926143 -0.074758
126.816709 -45.963483 -0.076569
127.315233 -46.001730 -0.079706
127.814036 -46.041572 -0.081133
128.313608 -46.082193 -0.035874
128.813686 -46.100140 0.141044
129.305811 -46.030265 0.382294
129.766053 -45.845213 0.642203
130.165281 -45.546601 0.906905
130.477809 -45.147133 1.164447
130.683748 -44.668537 1.367880
130.776938 -44.215602 1.515757
130.779114 -44.163979 1.541592
EOP
11.434433
122.465210 -43.781616 -1.570792
122.403037 -44.276424 -2.012630
122.216106 -44.671608 -2.263193
121.952760 -44.989132 -2.543690
121.596426 -45.231818 -2.693531
121.175979 -45.433913 -2.769781
120.712582 -45.614614 -2.826268
120.225678 -45.773446 -2.900241
119.725726 -45.896509 -2.974580
119.212068 -45.983103 -3.025297
118.679774 -46.045287 -3.048125
118.129748 -46.096847 -3.079801
117.572900 -46.131300 -3.141463
117.024813 -46.131371 3.055163
116.496659 -46.085609 2.971850
115.989695 -45.998719 2.886608
115.499348 -45.870906 2.798663
115.024853 -45.701494 2.702634
114.576097 -45.490799 2.610709
114.171430 -45.253217 2.483974
113.835251 -44.993587 2.262690
113.590358 -44.698010 2.009844
113.430912 -44.358489 -4.535550
113.401352 -43.925919 -4.752766
EOP
10.443395
131.394943 47.388966 1.490443
131.496634 47.877187 1.068441
131.711260 48.267867 0.803332
132.014564 48.582249 0.604880
132.386322 48.839255 0.474214
132.810837 49.057149 0.393576
133.277678 49.251001 0.347799
133.775297 49.431406 0.311244
134.294805 49.598532 0.274645
134.825086 49.747947 0.218925
135.360834 49.867146 0.145088
135.895603 49.945283 0.047152
136.426642 49.970341 -0.054817
136.946634 49.941808 -0.153925
137.450287 49.863666 -0.247002
137.928602 49.743058 -0.347797
138.374474 49.581415 -0.471132
138.775551 49.377110 -0.650726
139.114988 49.118679 -0.906500
139.368468 48.794956 -1.144265
139.538914 48.419878 -1.377171
139.575500 47.978905 -1.598869
EOP
10.915376
131.394943 47.388966 1.490443
131.372685 47.887168 1.912223
131.222830 48.308887 2.196116
130.968652 48.660949 2.425933
130.632299 48.953380 2.584075
130.234348 49.201501 2.684351
129.792176 49.419058 2.750050
129.318165 49.614758 2.798315
128.821350 49.792334 2.844805
128.307033 49.949622 2.897077
127.779330 50.081288 2.956505
127.244138 50.181493 3.018239
126.708684 50.247880 3.088472
126.180434 50.275967 -3.103453
125.665210 50.256308 -2.993157
125.167582 50.181894 -2.879717
124.690586 50.054045 -2.767614
124.245987 49.879563 -2.643655
123.846023 49.662132 -2.478199
123.507181 49.397308 -2.261545
123.246182 49.081555 -1.992875
123.081755 48.715405 4.527293
123.048103 48.302143 4.734981
EOP
10.666193
138.790527 -44.052216 -1.570789
138.852706 -44.547023 -1.194498
139.035938 -45.010754 -0.945789
139.327634 -45.415047 -0.695313
139.710316 -45.734322 -0.433850
140.160185 -45.942742 -0.225113
140.646619 -46.054133 -0.127572
141.143949 -46.117924 -0.122879
141.640384 -46.179235 -0.129029
142.136227 -46.243570 -0.129029
142.632071 -46.307906 -0.129029
143.127915 -46.372241 -0.129029
143.623758 -46.436577 -0.130335
144.119537 -46.501563 -0.141492
144.615549 -46.572216 -0.087880
145.114219 -46.616152 0.078756
145.609259 -46.577084 0.330400
146.079809 -46.415699 0.584233
146.495656 -46.140725 0.834233
146.830546 -45.771418 1.111828
147.062120 -45.302802 1.315826
147.181141 -44.846158 1.459233
147.192764 -44.680420 1.542330
EOP
10.357481
138.790527 -44.052216 -1.570789
138.728355 -44.547024 -1.991516
138.543411 -44.960367 -2.283087
138.260767 -45.287684 -2.504870
137.901758 -45.553157 -2.674197
137.483901 -45.764047 -2.792231
137.022984 -45.931962 -2.851945
136.529346 -46.079080 -2.918347
136.011986 -46.196537 -2.979133
135.480838 -46.283594 -3.034478
134.943219 -46.341402 -3.113529
134.403656 -46.356548 3.075262
133.870276 -46.321117 2.990307
133.348767 -46.241613 2.884348
132.844390 -46.108925 2.779543
132.366915 -45.928083 2.686903
131.926526 -45.712798 2.570475
131.531791 -45.459162 2.431150
131.199554 -45.173340 2.249676
130.949379 -44.863260 1.980192
130.800581 -44.520338 -4.562853
130.779114 -44.163979 -4.741593
EOP
10.194409
147.511566 47.431755 1.570789
147.449394 47.926563 1.972888
147.279724 48.325542 2.250300
147.014905 48.653354 2.467975
146.668804 48.929597 2.604757
146.254156 49.176369 2.690130
145.787469 49.402647 2.762398
145.282097 49.604028 2.840814
144.754674 49.767629 2.938361
144.215787 49.878681 3.044611
143.675281 49.931265 -3.135906
143.136287 49.928200 -3.036478
142.602466 49.871880 -2.942970
142.076713 49.766058 -2.843522
141.566526 49.609317 -2.752485
141.083966 49.411462 -2.661358
140.642894 49.181703 -2.566652
140.258882 48.932878 -2.442799
139.946121 48.670088 -2.288975
139.718833 48.409988 -2.066885
139.590386 48.172666 4.587112
139.575500 47.978905 4.684316
EOP
