-144.488434 48.406559 -1.588809 ===> -144.831940 -42.952431 -1.536903 1
-136.522537 -43.793499 1.570796 ===> -135.685928 48.459293 1.570785 2 0
-127.425163 48.590557 -1.571152 ===> -128.261612 -43.711132 -1.570781 3 1
-120.159172 -44.112907 1.557101 ===> -119.266129 48.366241 1.559841 4 2
-110.753624 48.579811 -1.576874 ===> -111.465782 -43.526402 -1.580796 5 3
-89.419907 -44.017967 1.570796 ===> -89.017395 48.143093 1.544980 6 4
-80.291321 48.661777 -1.561095 ===> -80.935097 -43.690468 -1.570800 7 5
-72.777390 -44.284035 1.580361 ===> -71.894073 48.145222 1.557457 8 6
-63.869820 48.526596 -1.590995 ===> -64.640068 -43.924423 -1.570800 9 7
-56.570732 -44.274605 1.585077 ===> -56.207512 47.871494 1.577124 10 8
-42.902920 48.405510 -1.552280 ===> -43.588009 -43.612152 -1.557195 11 9
-35.140923 -44.144852 1.570796 ===> -34.286297 47.969398 1.556609 12 10
-26.106623 48.152527 -1.622470 ===> -26.791931 -43.982357 -1.566523 13 11
-18.661079 -44.576183 1.553358 ===> -17.929741 47.844704 1.579045 14 12
-9.962772 48.150692 -1.556550 ===> -10.289072 -43.838036 -1.534522 15 13
11.886992 -43.763390 1.575635 ===> 12.954412 48.589943 1.541043 16 14
21.418737 48.809803 -1.561423 ===> 20.613041 -43.425190 -1.570796 17 15
29.049557 -44.033234 1.556386 ===> 29.589367 48.409027 1.581357 18 16
37.684361 48.713543 -1.551146 ===> 37.113228 -43.736656 -1.554922 19 17
45.267929 -44.243153 1.570798 ===> 45.686989 48.262554 1.537566 20 18
58.493752 48.516327 -1.551060 ===> 57.708969 -43.489880 -1.577421 21 19
66.351280 -44.232582 1.563335 ===> 67.029762 47.939285 1.628136 22 20
75.251793 48.412979 -1.557283 ===> 74.344810 -43.641850 -1.587602 23 21
82.715317 -44.165009 1.570792 ===> 83.392426 47.840179 1.589835 24 22
91.489410 48.429768 -1.570796 ===> 91.307541 -43.615879 -1.570793 25 23
113.401352 -43.925919 1.530419 ===> 114.044037 48.026909 1.539056 26 24
123.048103 48.302143 -1.548204 ===> 122.465210 -43.781616 -1.570792 27 25
130.779114 -44.163979 1.541592 ===> 131.394943 47.388966 1.490443 28 26
139.575500 47.978905 -1.598869 ===> 138.790527 -44.052216 -1.570789 29 27
147.192764 -44.680420 1.542330 ===> 147.511566 47.431755 1.570789 28
