-87.438034 26.238224 -0.078102 ===> -48.075508 25.189529 -0.088008 3 10 39
-46.173222 24.238392 3.023499 ===> -85.633301 24.970036 3.122362
-40.899361 62.085880 -1.570796 ===> -43.541153 29.992924 -1.601089 1 39 10
-42.747704 28.670498 1.570796 ===> -40.157166 61.038574 1.464535 4
-36.551044 68.131630 -0.088653 ===> -11.865306 66.688026 -0.097593 9 7 6
-10.205153 64.336998 3.013265 ===> -34.581543 66.234329 2.975479 2
5.830711 66.975365 -0.067018 ===> 46.405262 66.567963 -0.074277
5.747496 57.055077 -0.443997 ===> 38.038292 31.731869 -0.835355 35 37
40.129013 31.525890 2.261244 ===> 7.963492 57.838398 2.947628 6 5 9
-8.435989 48.218933 -0.273329 ===> 20.095793 30.377254 -0.798831 11 36
-39.710945 24.945183 -0.070537 ===> 18.292717 22.990803 0.010202 36
19.540024 22.561792 3.123328 ===> -39.273994 24.468504 -3.133593 3 1 39
-74.527954 -6.518538 0.004464 ===> -48.620735 -6.533322 -0.040925 40 19
-47.244183 -7.296217 3.095572 ===> -73.791855 -7.085521 -3.072432 14 16
-91.210930 -13.349874 -1.552533 ===> -92.254799 -26.692366 -1.544651 16
-91.375198 -28.116192 1.546556 ===> -90.682777 -14.648250 1.523684 12
-72.777328 -35.903084 0.008848 ===> -48.390305 -35.705177 0.008621 17 18 22
-46.437126 -49.487194 -3.141593 ===> -72.287621 -49.091518 -3.095472 16
-44.335228 -28.704586 1.529438 ===> -43.925621 -12.881297 1.570796 13 40 19
-40.981079 -8.219297 -0.018936 ===> 36.317802 -1.489015 1.574790 38 32
35.177486 0.702338 -1.627430 ===> -40.121326 -7.084300 -3.136801 40 13
10.787415 -36.353989 -3.141593 ===> -11.961632 -36.150043 -3.114730 18
-13.490202 -36.421982 0.000000 ===> 10.192556 -37.033825 -0.095467 23 24
11.511866 -49.576820 3.075030 ===> -12.031740 -50.290646 -3.043629 17
19.518974 -37.151718 0.000000 ===> 36.590065 -37.321415 -0.064724 31 30 25
38.524563 -50.523518 -3.141593 ===> 21.691042 -50.523518 3.085315 24 21 23
43.513531 -69.053963 1.570796 ===> 42.970505 -57.650620 1.582841 25
56.715633 -69.053963 1.570796 ===> 56.274429 -58.159691 1.591202 25 31 30
85.079803 -49.111526 -1.520481 ===> 84.543480 -67.425919 -1.667194 26 27
75.819458 -39.397934 3.123013 ===> 61.846710 -38.594902 2.944201 31
60.262897 -39.250862 -0.108269 ===> 74.975456 -39.914726 -0.093475 34 28
55.190327 -28.582726 1.663338 ===> 49.332844 0.498661 1.944666 20 38
49.749405 1.918106 -1.171137 ===> 55.465908 -26.646082 -1.432265 30
83.731194 37.379005 -1.078355 ===> 86.508064 -10.782142 -1.681623 29 28
85.377617 -11.321087 1.516738 ===> 83.728790 36.361309 2.100226
38.361870 25.793213 -2.540133 ===> 30.252016 22.176943 -2.857197 11
32.410313 19.010460 0.934372 ===> 38.874634 23.683678 0.495543 8 37
46.098305 20.080879 -1.098500 ===> 49.499512 11.364046 -1.295339 20 32
48.794949 9.766773 2.084731 ===> 45.593994 19.359789 2.247449 35 8
-42.624969 20.766399 -1.606542 ===> -42.946426 -2.449963 -1.468880 13 19
-43.594772 -4.065418 1.658802 ===> -43.747833 19.963634 1.520589 1 3 10
